camera_matrix:
  rows: 3
  cols: 3
  data:
    [
      3.1806314102579597e+02,
      0.,
      2.9736019394763400e+02,
      0.,
      3.2607691921210949e+02,
      2.6130699784181263e+02,
      0.,
      0.,
      1.,
    ]

dist_coeffs:
  rows: 4
  cols: 1
  data:
    [
      4.1891934256866173e-02,
      8.4793721172734135e-02,
      -3.3489960182649564e-01,
      2.5174986499066182e-01,
    ]

resolution:
  rows: 2
  cols: 1
  data: [640, 480]

scale_xy:
  rows: 2
  cols: 1
  data: [6.99999988e-01, 8.00000012e-01]

shift_xy:
  rows: 2
  cols: 1
  data: [-150., -100.]

project_matrix:
  rows: 3
  cols: 3
  data:
    [
      -7.0390891066994388e-01,
      -2.5544083216952904e+00,
      7.0809808916259806e+02,
      -2.9600383808093766e-01,
      -2.4971504395791286e+00,
      6.3578234365104447e+02,
      -5.6872782515522376e-04,
      -4.4482832729892769e-03,
      1.,
    ]
